time	V	A	W	W/h	usage_c0	usage_c1	usage_c2	usage_c3	usage_c4	usage_c5	usage_c6	usage_c7	temp_c4	temp_c5	temp_c6	temp_c7
1614911083.03	0.0	0.067	0.0	0.0	0.0	0.108	0.004	0.004	0.0	50.0	50.0	51.0	48.0	
1614911083.23	0.0	0.1	0.0	0.0	0.0	0.952	0.143	0.0	0.0	63.0	53.0	53.0	49.0	
1614911083.43	0.0	0.1	0.0	0.0	0.0	1.0	0.136	0.0	0.0	65.0	55.0	54.0	51.0	
1614911083.63	0.0	0.053	0.0	0.0	0.0	1.0	0.091	0.0	0.0	66.0	56.0	55.0	51.0	
1614911083.83	0.0	0.1	0.0	0.0	0.0	1.0	0.143	0.0	0.0	67.0	57.0	56.0	52.0	
1614911084.04	6.584	0.1	0.0	0.0	0.0	1.0	0.167	0.0	0.0	68.0	57.0	56.0	52.0	
1614911084.24	6.584	0.15	0.737	0.0	0.0	1.0	0.263	0.474	0.05	68.0	60.0	60.0	54.0	
1614911084.44	6.584	0.0	0.571	0.0	0.0	1.0	0.1	0.05	0.0	69.0	59.0	58.0	54.0	
1614911084.64	6.584	0.05	0.0	0.0	0.0	1.0	0.0	0.0	0.0	69.0	59.0	58.0	54.0	
1614911084.84	6.584	0.05	0.0	0.0	0.0	1.0	0.048	0.0	0.0	69.0	59.0	58.0	54.0	
1614911085.04	6.584	0.048	0.0	0.0	0.0	1.0	0.0	0.0	0.0	69.0	59.0	58.0	54.0	
1614911085.24	6.805	0.053	0.0	0.0	0.0	1.0	0.0	0.1	0.0	69.0	59.0	59.0	54.0	
1614911085.44	6.805	0.048	0.0	0.0	0.0	1.0	0.0	0.0	0.0	70.0	59.0	59.0	54.0	
1614911085.64	6.805	0.0	0.0	0.0	0.0	1.0	0.095	0.0	0.0	70.0	59.0	59.0	54.0	
1614911085.84	6.805	0.1	0.0	0.0	0.0	1.0	0.0	0.0	0.0	70.0	60.0	59.0	54.0	
1614911086.04	6.84	0.05	0.0	0.0	0.0	1.0	0.05	0.048	0.0	70.0	60.0	59.0	55.0	
1614911086.24	6.84	0.095	0.0	0.0	0.0	1.0	0.048	0.0	0.0	70.0	60.0	59.0	55.0	
1614911086.44	6.84	0.0	0.0	0.0	0.0	1.0	0.0	0.0	0.0	70.0	60.0	59.0	55.0	
1614911086.64	6.84	0.05	0.0	0.0	0.0	1.0	0.0	0.0	0.0	70.0	60.0	59.0	55.0	
1614911086.84	6.84	0.05	0.0	0.0	0.0	1.0	0.095	0.0	0.0	71.0	60.0	60.0	55.0	
1614911087.04	6.867	0.05	0.0	0.0	0.0	1.0	0.0	0.0	0.0	71.0	60.0	60.0	55.0	
1614911087.24	6.867	0.05	0.0	0.0	0.0	1.0	0.0	0.0	0.0	71.0	60.0	60.0	55.0	
1614911087.44	6.867	0.0	0.0	0.0	0.0	1.0	0.0	0.0	0.0	71.0	60.0	60.0	55.0	
1614911087.64	6.867	0.05	0.0	0.0	0.0	1.0	0.048	0.0	0.0	71.0	60.0	60.0	55.0	
1614911087.84	6.867	0.05	0.0	0.0	0.0	1.0	0.05	0.0	0.0	71.0	60.0	60.0	55.0	
1614911088.04	6.867	0.05	0.0	0.0	0.0	1.0	0.0	0.0	0.0	71.0	61.0	60.0	55.0	
1614911088.24	6.859	0.0	0.0	0.0	0.0	1.0	0.0	0.0	0.0	71.0	61.0	60.0	55.0	
1614911088.44	6.859	0.095	0.0	0.0	0.0	1.0	0.0	0.0	0.0	71.0	61.0	60.0	56.0	
1614911088.64	6.859	0.0	0.0	0.0	0.0	1.0	0.0	0.0	0.0	71.0	61.0	60.0	56.0	
1614911088.84	6.859	0.095	0.0	0.0	0.0	1.0	0.0	0.0	0.0	71.0	61.0	60.0	56.0	
1614911089.04	6.859	0.0	0.0	0.0	0.0	1.0	0.0	0.0	0.0	71.0	61.0	60.0	56.0	
1614911089.24	6.855	0.048	0.0	0.0	0.0	1.0	0.05	0.0	0.0	71.0	61.0	60.0	56.0	
1614911089.44	6.855	0.053	0.0	0.0	0.0	1.0	0.0	0.0	0.0	71.0	61.0	60.0	56.0	
1614911089.64	6.855	0.05	0.0	0.0	0.0	1.0	0.0	0.0	0.0	71.0	61.0	60.0	56.0	
1614911089.84	6.855	0.05	0.0	0.0	0.0	1.0	0.0	0.0	0.0	72.0	61.0	60.0	56.0	
1614911090.04	6.813	0.05	0.0	0.0	0.0	1.0	0.0	0.0	0.0	72.0	61.0	61.0	56.0	
1614911090.24	6.813	0.1	0.0	0.0	0.0	1.0	0.05	0.0	0.0	71.0	61.0	60.0	56.0	
1614911090.44	6.813	0.0	0.0	0.0	0.0	1.0	0.0	0.0	0.0	72.0	61.0	60.0	56.0	
1614911090.64	6.813	0.05	0.0	0.0	0.0	1.0	0.0	0.0	0.0	72.0	61.0	61.0	56.0	
1614911090.84	6.813	0.053	0.0	0.0	0.0	1.0	0.0	0.0	0.0	72.0	61.0	61.0	56.0	
1614911091.04	6.836	0.05	0.0	0.0	0.0	1.0	0.0	0.0	0.0	72.0	61.0	61.0	56.0	
1614911091.24	6.836	0.095	0.0	0.0	0.0	1.0	0.0	0.0	0.0	72.0	61.0	61.0	56.0	
1614911091.44	6.836	0.0	0.0	0.0	0.0	1.0	0.0	0.0	0.0	72.0	62.0	61.0	56.0	
1614911091.65	6.836	0.0	0.0	0.0	0.0	1.0	0.0	0.0	0.0	72.0	62.0	61.0	56.0	
1614911091.85	6.836	0.095	0.0	0.0	0.0	1.0	0.0	0.0	0.0	72.0	62.0	61.0	56.0	
1614911092.05	6.836	0.0	0.0	0.0	0.0	1.0	0.0	0.0	0.048	72.0	62.0	61.0	56.0	
1614911092.25	6.901	0.095	0.0	0.0	0.0	1.0	0.095	0.0	0.0	72.0	62.0	61.0	56.0	
1614911092.45	6.901	0.0	0.0	0.0	0.0	1.0	0.091	0.0	0.0	72.0	62.0	61.0	56.0	
1614911092.65	6.901	0.05	0.0	0.0	0.0	1.0	0.0	0.0	0.0	72.0	62.0	61.0	56.0	
1614911092.85	6.901	0.05	0.0	0.0	0.0	1.0	0.0	0.0	0.0	72.0	62.0	61.0	56.0	
1614911093.05	6.901	0.05	0.0	0.0	0.0	1.0	0.0	0.0	0.0	72.0	62.0	61.0	56.0	
1614911093.25	6.867	0.05	0.0	0.0	0.0	1.0	0.0	0.0	0.0	72.0	62.0	61.0	57.0	
1614911093.45	6.867	0.048	0.0	0.0	0.0	1.0	0.0	0.0	0.0	72.0	62.0	61.0	56.0	
1614911093.65	6.867	0.0	0.0	0.0	0.0	1.0	0.0	0.0	0.0	72.0	62.0	61.0	57.0	
1614911093.85	6.867	0.05	0.0	0.0	0.0	1.0	0.0	0.0	0.0	72.0	62.0	61.0	57.0	
1614911094.05	6.867	0.05	0.0	0.0	0.0	1.0	0.0	0.0	0.0	72.0	62.0	61.0	57.0	
1614911094.25	6.878	0.0	0.0	0.0	0.0	1.0	0.0	0.0	0.0	72.0	62.0	61.0	57.0	
1614911094.45	6.878	0.095	0.0	0.0	0.0	1.0	0.0	0.0	0.0	72.0	62.0	61.0	57.0	
1614911094.65	6.878	0.053	0.0	0.0	0.0	1.0	0.048	0.0	0.0	72.0	62.0	61.0	57.0	
1614911094.85	6.878	0.05	0.0	0.0	0.0	1.0	0.0	0.0	0.0	72.0	62.0	61.0	57.0	
1614911095.05	6.893	0.05	0.0	0.0	0.0	1.0	0.0	0.0	0.0	72.0	62.0	61.0	57.0	
1614911095.25	6.893	0.05	0.0	0.0	0.0	1.0	0.0	0.0	0.0	72.0	62.0	61.0	57.0	
1614911095.45	6.893	0.105	0.0	0.0	0.0	1.0	0.095	0.0	0.048	72.0	62.0	62.0	57.0	
1614911095.65	6.893	0.05	0.0	0.0	0.0	1.0	0.0	0.0	0.0	73.0	62.0	61.0	57.0	
1614911095.85	6.893	0.143	0.0	0.0	0.0	1.0	0.0	0.048	0.0	73.0	62.0	61.0	57.0	
1614911096.05	6.916	0.053	0.0	0.0	0.0	1.0	0.05	0.0	0.0	73.0	62.0	61.0	57.0	
1614911096.25	6.916	0.0	0.0	0.0	0.0	1.0	0.0	0.0	0.0	73.0	62.0	61.0	57.0	
1614911096.45	6.916	0.095	0.0	0.0	0.0	1.0	0.0	0.0	0.0	73.0	62.0	62.0	57.0	
1614911096.65	6.916	0.0	0.0	0.0	0.0	1.0	0.0	0.0	0.0	73.0	62.0	62.0	57.0	
1614911096.85	6.916	0.1	0.0	0.0	0.0	1.0	0.0	0.0	0.0	73.0	62.0	62.0	57.0	
1614911097.05	6.916	0.0	0.0	0.0	0.0	1.0	0.0	0.0	0.0	73.0	62.0	62.0	57.0	
1614911097.25	6.905	0.053	0.0	0.0	0.0	1.0	0.0	0.0	0.0	73.0	62.0	62.0	57.0	
1614911097.45	6.905	0.095	0.0	0.0	0.0	1.0	0.0	0.0	0.0	73.0	62.0	62.0	57.0	
1614911097.65	6.905	0.05	0.0	0.0	0.0	1.0	0.05	0.0	0.0	73.0	62.0	62.0	57.0	
1614911097.85	6.905	0.05	0.0	0.0	0.0	1.0	0.0	0.0	0.0	73.0	62.0	62.0	57.0	
1614911098.05	6.874	0.05	0.0	0.0	0.0	1.0	0.0	0.0	0.0	73.0	63.0	62.0	57.0	
1614911098.25	6.874	0.0	0.0	0.0	0.0	1.0	0.048	0.048	0.0	73.0	62.0	62.0	57.0	
1614911098.45	6.874	0.05	0.0	0.0	0.0	1.0	0.05	0.0	0.0	73.0	63.0	62.0	57.0	
1614911098.65	6.874	0.05	0.0	0.0	0.0	1.0	0.0	0.0	0.0	73.0	62.0	62.0	57.0	
1614911098.85	6.874	0.1	0.0	0.0	0.0	1.0	0.05	0.0	0.0	73.0	63.0	62.0	57.0	
1614911099.05	6.882	0.05	0.0	0.0	0.0	1.0	0.0	0.0	0.0	73.0	63.0	62.0	57.0	
1614911099.25	6.882	0.05	0.0	0.0	0.0	1.0	0.05	0.0	0.0	73.0	63.0	62.0	57.0	
1614911099.45	6.882	0.05	0.0	0.0	0.0	1.0	0.05	0.0	0.0	73.0	63.0	62.0	57.0	
1614911099.66	6.882	0.0	0.0	0.0	0.0	1.0	0.048	0.0	0.0	73.0	63.0	62.0	57.0	
1614911099.86	6.882	0.095	0.0	0.0	0.0	1.0	0.0	0.0	0.0	73.0	63.0	62.0	57.0	
1614911100.06	6.886	0.0	0.0	0.0	0.0	1.0	0.056	0.1	0.0	72.0	64.0	64.0	57.0	
1614911100.26	6.886	0.053	0.0	0.0	0.0	1.0	0.0	0.0	0.0	73.0	63.0	62.0	58.0	
1614911100.46	6.886	0.05	0.0	0.0	0.0	1.0	0.0	0.0	0.0	73.0	63.0	62.0	57.0	
1614911100.66	6.886	0.048	0.0	0.0	0.0	1.0	0.0	0.0	0.0	73.0	63.0	62.0	57.0	
1614911100.86	6.886	0.053	0.0	0.0	0.0	1.0	0.0	0.0	0.0	73.0	63.0	62.0	57.0	
1614911101.06	6.951	0.05	0.0	0.0	0.0	1.0	0.0	0.0	0.0	73.0	63.0	62.0	57.0	
1614911101.26	6.951	0.0	0.0	0.0	0.0	1.0	0.0	0.0	0.0	73.0	63.0	62.0	58.0	
1614911101.46	6.951	0.095	0.0	0.0	0.0	1.0	0.05	0.0	0.0	73.0	63.0	62.0	58.0	
1614911101.66	6.951	0.0	0.0	0.0	0.0	1.0	0.0	0.0	0.0	73.0	63.0	62.0	58.0	
1614911101.86	6.951	0.1	0.0	0.0	0.0	1.0	0.091	0.0	0.0	73.0	63.0	62.0	58.0	
1614911102.06	6.928	0.0	0.0	0.0	0.0	1.0	0.0	0.0	0.0	73.0	63.0	62.0	58.0	
1614911102.26	6.928	0.05	0.0	0.0	0.0	1.0	0.0	0.0	0.0	73.0	63.0	62.0	58.0	
1614911102.46	6.928	0.05	0.0	0.0	0.0	1.0	0.0	0.0	0.0	73.0	63.0	62.0	58.0	
1614911102.66	6.928	0.048	0.0	0.0	0.0	1.0	0.0	0.0	0.0	73.0	63.0	62.0	58.0	
1614911102.86	6.928	0.053	0.0	0.0	0.0	1.0	0.0	0.0	0.0	73.0	63.0	62.0	58.0	
1614911103.06	6.935	0.05	0.0	0.0	0.0	1.0	0.0	0.0	0.0	73.0	63.0	62.0	58.0	
1614911103.26	6.935	0.0	0.0	0.0	0.0	1.0	0.0	0.0	0.0	73.0	63.0	62.0	58.0	
1614911103.46	6.935	0.095	0.0	0.0	0.0	1.0	0.048	0.0	0.0	74.0	63.0	62.0	58.0	
1614911103.66	6.935	0.0	0.0	0.0	0.0	1.0	0.0	0.05	0.0	73.0	63.0	62.0	58.0	
1614911103.86	6.935	0.095	0.0	0.0	0.0	1.0	0.0	0.0	0.0	73.0	63.0	62.0	58.0	
1614911104.06	6.935	0.0	0.0	0.0	0.0	1.0	0.0	0.0	0.0	73.0	63.0	62.0	58.0	
1614911104.26	6.935	0.053	0.0	0.0	0.0	1.0	0.0	0.0	0.0	73.0	63.0	62.0	58.0	
1614911104.46	6.935	0.05	0.0	0.0	0.0	1.0	0.0	0.0	0.0	73.0	63.0	62.0	58.0	
1614911104.66	6.935	0.05	0.0	0.0	0.0	1.0	0.0	0.0	0.0	74.0	63.0	62.0	58.0	
1614911104.86	6.935	0.0	0.0	0.0	0.0	1.0	0.0	0.0	0.0	74.0	63.0	63.0	58.0	
1614911105.06	6.935	0.095	0.0	0.0	0.0	1.0	0.095	0.0	0.0	74.0	63.0	63.0	58.0	
1614911105.26	6.912	0.0	0.0	0.0	0.0	1.0	0.0	0.0	0.0	73.0	63.0	62.0	58.0	
1614911105.46	6.912	0.143	0.0	0.0	0.0	1.0	0.0	0.0	0.0	74.0	63.0	62.0	58.0	
1614911105.66	6.912	0.0	0.0	0.0	0.0	1.0	0.0	0.0	0.0	74.0	63.0	62.0	58.0	
1614911105.86	6.912	0.053	0.0	0.0	0.0	1.0	0.05	0.0	0.0	73.0	63.0	63.0	58.0	
1614911106.06	6.882	0.095	0.0	0.0	0.0	1.0	0.0	0.0	0.0	74.0	63.0	63.0	58.0	
1614911106.26	6.882	0.05	0.0	0.0	0.0	1.0	0.048	0.0	0.0	74.0	63.0	62.0	58.0	
1614911106.46	6.882	0.1	0.0	0.0	0.0	1.0	0.05	0.0	0.0	74.0	63.0	63.0	58.0	
1614911106.66	6.882	0.0	0.0	0.0	0.0	1.0	0.0	0.0	0.0	74.0	63.0	63.0	58.0	
1614911106.86	6.882	0.05	0.0	0.0	0.0	1.0	0.0	0.0	0.0	74.0	63.0	63.0	58.0	
1614911107.06	6.882	0.05	0.0	0.0	0.0	1.0	0.0	0.0	0.0	74.0	63.0	63.0	58.0	
1614911107.26	6.889	0.053	0.0	0.0	0.0	1.0	0.0	0.0	0.0	73.0	63.0	63.0	58.0	
1614911107.47	6.889	0.095	0.0	0.0	0.0	1.0	0.0	0.0	0.0	74.0	63.0	63.0	58.0	
1614911107.67	6.889	0.0	0.0	0.0	0.0	1.0	0.05	0.0	0.0	74.0	63.0	63.0	58.0	
1614911107.87	6.889	0.05	0.0	0.0	0.0	1.0	0.05	0.0	0.0	74.0	63.0	63.0	58.0	
1614911108.07	6.916	0.095	0.0	0.0	0.0	1.0	0.048	0.0	0.048	74.0	63.0	63.0	58.0	
1614911108.27	6.916	0.053	0.0	0.0	0.0	1.0	0.0	0.0	0.0	74.0	63.0	63.0	58.0	
1614911108.47	6.916	0.048	0.0	0.0	0.0	1.0	0.0	0.0	0.0	74.0	63.0	63.0	58.0	
1614911108.67	6.916	0.0	0.0	0.0	0.0	1.0	0.048	0.0	0.0	74.0	63.0	63.0	58.0	
1614911108.87	6.916	0.05	0.0	0.0	0.0	1.0	0.0	0.0	0.0	74.0	63.0	63.0	58.0	
1614911109.07	6.905	0.1	0.0	0.0	0.0	1.0	0.05	0.0	0.0	74.0	63.0	63.0	58.0	
1614911109.27	6.905	0.0	0.0	0.0	0.0	1.0	0.0	0.0	0.0	74.0	63.0	63.0	58.0	
1614911109.47	6.905	0.05	0.0	0.0	0.0	1.0	0.0	0.0	0.0	74.0	63.0	63.0	58.0	
1614911109.67	6.905	0.05	0.0	0.0	0.0	1.0	0.0	0.0	0.0	74.0	63.0	63.0	58.0	
1614911109.87	6.905	0.05	0.0	0.0	0.0	1.0	0.0	0.0	0.0	74.0	64.0	63.0	58.0	
1614911110.07	6.966	0.05	0.0	0.0	0.0	1.0	0.0	0.0	0.0	74.0	64.0	63.0	58.0	
1614911110.27	6.966	0.053	0.0	0.0	0.0	1.0	0.05	0.0	0.0	74.0	64.0	63.0	58.0	
1614911110.47	6.966	0.0	0.0	0.0	0.0	1.0	0.0	0.0	0.0	74.0	64.0	63.0	58.0	
1614911110.67	6.966	0.095	0.0	0.0	0.0	1.0	0.0	0.0	0.0	74.0	64.0	63.0	58.0	
1614911110.87	6.966	0.0	0.0	0.0	0.0	1.0	0.05	0.0	0.0	74.0	64.0	63.0	58.0	
1614911111.07	6.951	0.095	0.0	0.0	0.0	0.75	0.0	0.0	0.0	64.0	63.0	63.0	58.0	
1614911111.27	6.951	0.05	0.0	0.0	0.0	0.095	0.0	0.0	0.0	58.0	60.0	61.0	56.0	
1614911111.47	6.951	0.1	0.0	0.0	0.0	0.048	0.0	0.0	0.0	57.0	58.0	59.0	55.0	
1614911111.67	6.951	0.048	0.0	0.0	0.0	0.0	0.0	0.0	0.0	56.0	57.0	59.0	54.0	
1614911111.87	6.951	0.0	0.0	0.0	0.0	0.0	0.0	0.0	0.0	55.0	57.0	58.0	54.0	
1614911112.07	3.893	0.095	0.0	0.0	0.0	0.0	0.0	0.0	0.0	55.0	56.0	58.0	53.0	
1614911112.27	3.893	0.0	0.0	0.0	0.0	0.0	0.0	0.0	0.0	55.0	56.0	57.0	53.0	
1614911112.47	3.893	0.05	0.0	0.0	0.0	0.0	0.0	0.0	0.0	54.0	55.0	57.0	53.0	
1614911112.67	3.893	0.05	0.0	0.0	0.0	0.0	0.0	0.0	0.0	54.0	55.0	57.0	53.0	
1614911112.87	3.893	0.05	0.0	0.0	0.0	0.0	0.0	0.0	0.0	54.0	55.0	56.0	52.0	
1614911113.07	3.889	0.095	0.0	0.0	0.0	0.0	0.0	0.048	0.0	54.0	54.0	56.0	52.0	
1614911113.27	3.889	0.0	0.0	0.0	0.0	0.0	0.0	0.0	0.0	53.0	54.0	56.0	52.0	
1614911113.47	3.889	0.05	0.0	0.0	0.0	0.048	0.0	0.0	0.0	53.0	54.0	56.0	52.0	
1614911113.67	3.889	0.05	0.0	0.0	0.0	0.0	0.0	0.0	0.0	53.0	54.0	56.0	52.0	
1614911113.87	3.889	0.05	0.0	0.0	0.0	0.0	0.0	0.0	0.0	53.0	54.0	56.0	52.0	
1614911114.07	3.859	0.05	0.0	0.0	0.0	0.0	0.0	0.0	0.0	53.0	54.0	55.0	52.0	
1614911114.27	3.859	0.053	0.0	0.0	0.0	0.0	0.0	0.0	0.0	53.0	53.0	55.0	52.0	
1614911114.47	3.859	0.05	0.0	0.0	0.0	0.0	0.0	0.0	0.0	53.0	53.0	55.0	51.0	
1614911114.67	3.859	0.05	0.0	0.0	0.0	0.05	0.0	0.0	0.0	53.0	53.0	55.0	51.0	
1614911114.87	3.859	0.1	0.0	0.0	0.0	0.0	0.0	0.0	0.0	52.0	53.0	55.0	51.0	
1614911115.07	3.859	0.0	0.0	0.0	0.0	0.0	0.0	0.0	0.0	52.0	53.0	55.0	51.0	
1614911115.28	3.859	0.05	0.0	0.0	0.0	0.05	0.0	0.0	0.0	52.0	53.0	55.0	51.0	
1614911115.48	3.847	0.1	0.0	0.0	0.0	0.0	0.0	0.0	0.0	52.0	53.0	55.0	51.0	
1614911115.68	3.847	0.095	0.0	0.0	0.0	0.0	0.0	0.0	0.0	52.0	53.0	55.0	51.0	
1614911115.88	3.847	0.05	0.0	0.0	0.0	0.0	0.0	0.0	0.0	52.0	53.0	55.0	51.0	
1614911116.08	3.668	0.053	0.0	0.0	0.0	0.0	0.0	0.0	0.0	52.0	53.0	55.0	51.0	
1614911116.28	3.668	0.05	0.0	0.0	0.0	0.0	0.0	0.0	0.0	52.0	53.0	54.0	51.0	
1614911116.48	3.668	0.05	0.0	0.0	0.0	0.0	0.0	0.0	0.0	52.0	53.0	54.0	51.0	
1614911116.68	3.668	0.0	0.0	0.0	0.0	0.0	0.0	0.0	0.0	52.0	53.0	54.0	51.0	
1614911116.88	3.668	0.095	0.0	0.0	0.0	0.0	0.0	0.0	0.0	52.0	53.0	54.0	51.0	
1614911117.08	3.828	0.05	0.0	0.0	0.0	0.0	0.0	0.0	0.0	52.0	53.0	54.0	51.0	
1614911117.28	3.828	0.053	0.0	0.0	0.0	0.095	0.048	0.0	0.0	52.0	52.0	54.0	51.0	
1614911117.48	3.828	0.05	0.0	0.0	0.0	0.0	0.0	0.0	0.0	52.0	52.0	54.0	50.0	
1614911117.68	3.828	0.053	0.0	0.0	0.0	0.05	0.0	0.0	0.0	52.0	52.0	54.0	51.0	
1614911117.88	3.828	0.1	0.0	0.0	0.0	0.05	0.0	0.0	0.0	52.0	52.0	54.0	50.0	
1614911118.08	3.851	0.05	0.0	0.0	0.0	0.05	0.0	0.0	0.0	52.0	52.0	54.0	50.0	
1614911118.28	3.851	0.1	0.0	0.0	0.0	0.0	0.0	0.0	0.0	51.0	52.0	54.0	50.0	
1614911118.48	3.851	0.05	0.0	0.0	0.0	0.0	0.0	0.0	0.0	52.0	52.0	54.0	50.0	
1614911118.68	3.851	0.05	0.0	0.0	0.0	0.0	0.0	0.0	0.0	51.0	52.0	54.0	50.0	
1614911118.88	3.851	0.095	0.0	0.0	0.0	0.048	0.0	0.0	0.0	52.0	52.0	54.0	50.0	
1614911119.08	3.897	0.0	0.0	0.0	0.0	0.0	0.0	0.0	0.0	51.0	52.0	54.0	50.0	
1614911119.28	3.897	0.05	0.0	0.0	0.0	0.0	0.0	0.0	0.0	51.0	52.0	54.0	50.0	
1614911119.48	3.897	0.05	0.0	0.0	0.0	0.0	0.0	0.0	0.0	51.0	52.0	54.0	50.0	
1614911119.68	3.897	0.048	0.0	0.0	0.0	0.0	0.0	0.0	0.0	51.0	52.0	54.0	50.0	
1614911119.88	3.897	0.053	0.0	0.0	0.0	0.0	0.0	0.0	0.0	51.0	52.0	54.0	50.0	
1614911120.08	3.863	0.05	0.0	0.0	0.0	0.0	0.0	0.0	0.0	51.0	52.0	54.0	50.0	
1614911120.28	3.863	0.05	0.0	0.0	0.0	0.0	0.0	0.0	0.0	51.0	52.0	54.0	50.0	
1614911120.48	3.863	0.053	0.0	0.0	0.0	0.0	0.0	0.0	0.0	51.0	52.0	54.0	50.0	
1614911120.68	3.863	0.048	0.0	0.0	0.0	0.048	0.0	0.0	0.0	51.0	52.0	54.0	50.0	
1614911120.88	3.863	0.053	0.0	0.0	0.0	0.0	0.0	0.048	0.0	51.0	52.0	54.0	50.0	
1614911121.08	3.832	0.05	0.0	0.0	0.0	0.364	0.0	0.0	0.0	62.0	53.0	54.0	50.0	
1614911121.28	3.832	0.05	0.0	0.0	0.0	1.0	0.05	0.0	0.0	67.0	56.0	56.0	52.0	
1614911121.48	3.832	0.05	0.0	0.0	0.0	1.0	0.0	0.0	0.0	68.0	58.0	57.0	53.0	
1614911121.68	3.832	0.0	0.0	0.0	0.0	1.0	0.0	0.0	0.0	69.0	59.0	58.0	54.0	
1614911121.88	3.832	0.05	0.0	0.0	0.0	1.0	0.0	0.0	0.0	70.0	59.0	59.0	55.0	
1614911122.08	3.832	0.095	0.0	0.0	0.0	1.0	0.0	0.0	0.0	70.0	60.0	59.0	55.0	
1614911122.28	6.912	0.0	0.0	0.0	0.0	1.0	0.0	0.0	0.0	71.0	60.0	60.0	55.0	
1614911122.48	6.912	0.05	0.0	0.0	0.0	1.0	0.0	0.0	0.0	71.0	61.0	60.0	56.0	
1614911122.68	6.912	0.05	0.0	0.0	0.0	1.0	0.0	0.0	0.0	71.0	61.0	60.0	56.0	
1614911122.88	6.912	0.0	0.0	0.0	0.0	1.0	0.0	0.0	0.0	72.0	61.0	61.0	56.0	
1614911123.08	6.993	0.095	0.0	0.0	0.0	1.0	0.0	0.0	0.0	72.0	61.0	61.0	56.0	
1614911123.29	6.993	0.05	0.0	0.0	0.0	1.0	0.05	0.0	0.0	72.0	62.0	61.0	56.0	
1614911123.49	6.993	0.05	0.0	0.0	0.0	1.0	0.0	0.0	0.0	72.0	62.0	61.0	57.0	
1614911123.69	6.993	0.0	0.0	0.0	0.0	1.0	0.048	0.0	0.0	72.0	62.0	61.0	57.0	
1614911123.89	6.993	0.05	0.0	0.0	0.0	1.0	0.0	0.0	0.048	73.0	62.0	62.0	57.0	
1614911124.09	7.069	0.143	0.0	0.0	0.0	1.0	0.05	0.0	0.0	73.0	62.0	62.0	57.0	
1614911124.29	7.069	0.0	0.0	0.0	0.0	1.0	0.0	0.0	0.0	73.0	62.0	62.0	57.0	
1614911124.49	7.069	0.095	0.0	0.0	0.0	1.0	0.0	0.0	0.0	73.0	62.0	62.0	57.0	
1614911124.69	7.069	0.0	0.0	0.0	0.0	1.0	0.0	0.0	0.0	73.0	63.0	62.0	57.0	
1614911124.89	7.069	0.05	0.0	0.0	0.0	1.0	0.0	0.0	0.0	73.0	63.0	62.0	57.0	
1614911125.09	7.038	0.05	0.0	0.0	0.0	1.0	0.0	0.0	0.0	73.0	63.0	62.0	57.0	
1614911125.29	7.038	0.05	0.0	0.0	0.0	1.0	0.0	0.0	0.0	73.0	63.0	62.0	58.0	
1614911125.49	7.038	0.0	0.0	0.0	0.0	1.0	0.048	0.05	0.0	73.0	63.0	62.0	58.0	
1614911125.69	7.038	0.05	0.0	0.0	0.0	1.0	0.0	0.0	0.0	73.0	63.0	62.0	58.0	
1614911125.89	7.038	0.05	0.0	0.0	0.0	1.0	0.0	0.0	0.0	74.0	63.0	62.0	58.0	
1614911126.09	7.069	0.095	0.0	0.0	0.0	1.0	0.0	0.0	0.0	74.0	63.0	62.0	58.0	
1614911126.29	7.069	0.0	0.0	0.0	0.0	1.0	0.0	0.0	0.0	74.0	63.0	62.0	58.0	
1614911126.49	7.069	0.095	0.0	0.0	0.0	1.0	0.0	0.0	0.0	74.0	63.0	63.0	58.0	
1614911126.69	7.069	0.05	0.0	0.0	0.0	1.0	0.05	0.048	0.0	74.0	63.0	63.0	58.0	
1614911126.89	7.069	0.05	0.0	0.0	0.0	1.0	0.0	0.0	0.0	74.0	64.0	63.0	58.0	
1614911127.09	7.088	0.053	0.0	0.0	0.0	1.0	0.095	0.0	0.0	74.0	64.0	63.0	58.0	
1614911127.29	7.088	0.05	0.0	0.0	0.0	1.0	0.0	0.0	0.0	74.0	64.0	63.0	58.0	
1614911127.49	7.088	0.05	0.0	0.0	0.0	1.0	0.0	0.0	0.0	74.0	64.0	63.0	58.0	
1614911127.69	7.088	0.05	0.0	0.0	0.0	1.0	0.05	0.0	0.0	74.0	64.0	63.0	58.0	
1614911127.89	7.088	0.05	0.0	0.0	0.0	1.0	0.0	0.0	0.0	74.0	64.0	63.0	58.0	
1614911128.09	7.069	0.1	0.0	0.0	0.0	1.0	0.0	0.0	0.0	74.0	64.0	63.0	58.0	
1614911128.29	7.069	0.0	0.0	0.0	0.0	1.0	0.05	0.0	0.0	74.0	64.0	63.0	58.0	
1614911128.49	7.069	0.05	0.0	0.0	0.0	1.0	0.0	0.0	0.0	74.0	64.0	63.0	58.0	
1614911128.69	7.069	0.05	0.0	0.0	0.0	1.0	0.0	0.0	0.0	74.0	64.0	63.0	58.0	
1614911128.89	7.069	0.05	0.0	0.0	0.0	1.0	0.05	0.0	0.0	74.0	64.0	63.0	58.0	
1614911129.09	7.103	0.05	0.0	0.0	0.0	1.0	0.0	0.0	0.0	74.0	64.0	63.0	59.0	
1614911129.29	7.103	0.05	0.0	0.0	0.0	1.0	0.0	0.0	0.0	74.0	64.0	63.0	59.0	
1614911129.49	7.103	0.0	0.0	0.0	0.0	1.0	0.0	0.0	0.0	74.0	64.0	63.0	59.0	
1614911129.69	7.103	0.05	0.0	0.0	0.0	1.0	0.0	0.0	0.0	74.0	64.0	63.0	58.0	
1614911129.89	7.103	0.1	0.0	0.0	0.0	1.0	0.0	0.0	0.0	75.0	64.0	63.0	59.0	
1614911130.09	7.103	0.0	0.0	0.0	0.0	1.0	0.0	0.0	0.0	74.0	64.0	63.0	59.0	
1614911130.29	7.08	0.1	0.0	0.0	0.0	1.0	0.0	0.0	0.0	75.0	64.0	63.0	59.0	
1614911130.49	7.08	0.1	0.0	0.0	0.0	1.0	0.0	0.0	0.0	75.0	64.0	63.0	59.0	
1614911130.69	7.08	0.048	0.0	0.0	0.0	1.0	0.0	0.0	0.0	75.0	64.0	63.0	59.0	
1614911130.9	7.08	0.0	0.0	0.0	0.0	1.0	0.05	0.0	0.0	75.0	64.0	63.0	59.0	
1614911131.1	6.973	0.091	0.0	0.0	0.0	1.0	0.0	0.0	0.0	75.0	64.0	64.0	59.0	
1614911131.3	6.973	0.0	0.0	0.0	0.0	1.0	0.095	0.0	0.0	75.0	64.0	63.0	59.0	
1614911131.5	6.973	0.048	0.0	0.0	0.0	1.0	0.0	0.0	0.0	75.0	64.0	63.0	59.0	
1614911131.7	6.973	0.053	0.0	0.0	0.0	1.0	0.0	0.0	0.0	75.0	64.0	64.0	59.0	
1614911131.9	6.973	0.05	0.0	0.0	0.0	1.0	0.0	0.0	0.0	75.0	64.0	64.0	59.0	
1614911132.1	7.118	0.05	0.0	0.0	0.0	1.0	0.0	0.0	0.0	75.0	64.0	64.0	59.0	
1614911132.3	7.118	0.048	0.0	0.0	0.0	1.0	0.0	0.0	0.0	75.0	64.0	64.0	59.0	
1614911132.5	7.118	0.0	0.0	0.0	0.0	1.0	0.0	0.0	0.0	75.0	64.0	64.0	59.0	
1614911132.7	7.118	0.095	0.0	0.0	0.0	1.0	0.0	0.0	0.0	75.0	64.0	64.0	59.0	
1614911132.9	7.118	0.0	0.0	0.0	0.0	1.0	0.0	0.0	0.0	75.0	64.0	64.0	59.0	
1614911133.1	7.126	0.05	0.0	0.0	0.0	1.0	0.0	0.0	0.048	75.0	64.0	64.0	59.0	
1614911133.3	7.126	0.05	0.0	0.0	0.0	1.0	0.05	0.0	0.048	75.0	65.0	64.0	59.0	
1614911133.5	7.126	0.0	0.0	0.0	0.0	1.0	0.095	0.048	0.0	75.0	65.0	64.0	59.0	
1614911133.7	7.126	0.091	0.0	0.0	0.0	1.0	0.0	0.0	0.0	75.0	65.0	64.0	59.0	
1614911133.9	7.126	0.053	0.0	0.0	0.0	1.0	0.0	0.0	0.0	75.0	65.0	64.0	59.0	
1614911134.1	7.107	0.0	0.0	0.0	0.0	1.0	0.0	0.0	0.0	75.0	65.0	64.0	59.0	
1614911134.3	7.107	0.095	0.0	0.0	0.0	1.0	0.0	0.0	0.0	75.0	65.0	64.0	59.0	
1614911134.5	7.107	0.0	0.0	0.0	0.0	1.0	0.0	0.05	0.0	75.0	65.0	64.0	59.0	
1614911134.7	7.107	0.05	0.0	0.0	0.0	1.0	0.0	0.0	0.0	75.0	65.0	64.0	59.0	
1614911134.9	7.107	0.05	0.0	0.0	0.0	1.0	0.0	0.0	0.048	75.0	65.0	64.0	59.0	
1614911135.1	7.099	0.05	0.0	0.0	0.0	1.0	0.0	0.0	0.0	75.0	65.0	64.0	59.0	
1614911135.3	7.099	0.05	0.0	0.0	0.0	1.0	0.0	0.0	0.0	75.0	65.0	64.0	59.0	
1614911135.5	7.099	0.05	0.0	0.0	0.0	1.0	0.05	0.0	0.0	75.0	65.0	64.0	59.0	
1614911135.7	7.099	0.05	0.0	0.0	0.0	1.0	0.0	0.0	0.0	75.0	65.0	64.0	59.0	
1614911135.9	7.099	0.05	0.0	0.0	0.0	1.0	0.048	0.0	0.0	75.0	65.0	64.0	59.0	
1614911136.1	7.13	0.05	0.0	0.0	0.0	1.0	0.0	0.048	0.0	75.0	65.0	64.0	59.0	
1614911136.3	7.13	0.1	0.0	0.0	0.0	1.0	0.05	0.0	0.0	75.0	65.0	64.0	59.0	
1614911136.5	7.13	0.0	0.0	0.0	0.0	1.0	0.0	0.0	0.0	75.0	65.0	64.0	59.0	
1614911136.7	7.13	0.091	0.0	0.0	0.0	1.0	0.0	0.0	0.0	75.0	65.0	64.0	59.0	
1614911136.9	7.13	0.0	0.0	0.0	0.0	1.0	0.05	0.0	0.0	75.0	65.0	64.0	59.0	
1614911137.1	7.126	0.095	0.0	0.0	0.0	1.0	0.0	0.0	0.0	75.0	65.0	64.0	59.0	
1614911137.3	7.126	0.0	0.0	0.0	0.0	1.0	0.0	0.0	0.0	75.0	65.0	64.0	59.0	
1614911137.5	7.126	0.05	0.0	0.0	0.0	1.0	0.05	0.0	0.0	75.0	65.0	64.0	59.0	
1614911137.7	7.126	0.05	0.0	0.0	0.0	1.0	0.0	0.0	0.0	75.0	65.0	64.0	59.0	
1614911137.9	7.126	0.05	0.0	0.0	0.0	1.0	0.0	0.0	0.0	75.0	65.0	64.0	59.0	
1614911138.1	7.061	0.05	0.0	0.0	0.0	1.0	0.0	0.0	0.0	75.0	65.0	64.0	60.0	
1614911138.3	7.061	0.05	0.0	0.0	0.0	1.0	0.0	0.0	0.0	76.0	65.0	64.0	59.0	
1614911138.5	7.061	0.0	0.0	0.0	0.0	1.0	0.0	0.0	0.0	75.0	65.0	64.0	59.0	
1614911138.71	7.061	0.095	0.0	0.0	0.0	1.0	0.0	0.048	0.0	75.0	65.0	64.0	59.0	
1614911138.91	7.061	0.0	0.0	0.0	0.0	1.0	0.0	0.0	0.0	76.0	65.0	64.0	60.0	
1614911139.11	7.157	0.095	0.0	0.0	0.0	1.0	0.0	0.0	0.0	75.0	65.0	64.0	59.0	
1614911139.31	7.157	0.0	0.0	0.0	0.0	1.0	0.048	0.0	0.0	76.0	65.0	64.0	59.0	
1614911139.51	7.157	0.05	0.0	0.0	0.0	1.0	0.0	0.0	0.0	76.0	65.0	64.0	60.0	
1614911139.71	7.157	0.05	0.0	0.0	0.0	1.0	0.048	0.0	0.0	75.0	65.0	64.0	60.0	
1614911139.91	7.157	0.05	0.0	0.0	0.0	0.158	0.0	0.0	0.0	61.0	62.0	63.0	58.0	
1614911140.11	7.141	0.0	0.0	0.0	0.0	0.05	0.0	0.0	0.0	59.0	60.0	61.0	57.0	
1614911140.31	7.141	0.095	0.0	0.0	0.0	0.0	0.048	0.0	0.0	57.0	59.0	60.0	56.0	
1614911140.51	7.141	0.0	0.0	0.0	0.0	0.0	0.0	0.0	0.0	57.0	58.0	60.0	55.0	
1614911140.71	7.141	0.05	0.0	0.0	0.0	0.0	0.0	0.0	0.0	56.0	57.0	59.0	55.0	
1614911140.91	7.141	0.05	0.0	0.0	0.0	0.05	0.048	0.0	0.0	56.0	57.0	58.0	54.0	
1614911141.11	3.889	0.05	0.0	0.0	0.0	0.0	0.0	0.0	0.0	56.0	56.0	58.0	54.0	
1614911141.31	3.889	0.05	0.0	0.0	0.0	0.0	0.0	0.0	0.0	55.0	56.0	58.0	54.0	
1614911141.51	3.889	0.05	0.0	0.0	0.0	0.0	0.0	0.0	0.0	55.0	56.0	57.0	54.0	
1614911141.71	3.889	0.0	0.0	0.0	0.0	0.05	0.0	0.0	0.0	55.0	55.0	57.0	53.0	
1614911141.91	3.889	0.143	0.0	0.0	0.0	0.0	0.0	0.0	0.0	55.0	55.0	57.0	53.0	
1614911142.11	3.859	0.1	0.0	0.0	0.0	0.0	0.05	0.0	0.048	55.0	55.0	57.0	53.0	
1614911142.31	3.859	0.056	0.0	0.0	0.0	0.0	0.0	0.0	0.0	54.0	55.0	57.0	53.0	
1614911142.51	3.859	0.1	0.0	0.0	0.0	0.05	0.0	0.0	0.0	54.0	55.0	57.0	53.0	
1614911142.71	3.859	0.1	0.0	0.0	0.0	0.05	0.048	0.0	0.0	54.0	55.0	57.0	53.0	
1614911142.91	3.859	0.05	0.0	0.0	0.0	0.0	0.0	0.0	0.0	54.0	54.0	56.0	52.0	
1614911143.11	3.859	0.1	0.0	0.0	0.0	0.0	0.0	0.0	0.0	54.0	55.0	56.0	52.0	
1614911143.31	3.813	0.105	0.0	0.0	0.0	0.05	0.0	0.0	0.0	54.0	54.0	56.0	52.0	
1614911143.51	3.813	0.1	0.0	0.0	0.0	0.0	0.0	0.0	0.0	53.0	54.0	56.0	52.0	
1614911143.71	3.813	0.1	0.0	0.0	0.0	0.0	0.0	0.0	0.0	53.0	54.0	56.0	52.0	
1614911143.91	3.813	0.05	0.0	0.0	0.0	0.0	0.0	0.0	0.0	53.0	54.0	56.0	52.0	
1614911144.11	3.775	0.1	0.0	0.0	0.0	0.05	0.091	0.0	0.0	53.0	54.0	56.0	52.0	
1614911144.31	3.775	0.053	0.0	0.0	0.0	0.0	0.048	0.0	0.0	53.0	54.0	56.0	52.0	
1614911144.51	3.775	0.095	0.0	0.0	0.0	0.095	0.0	0.0	0.0	53.0	54.0	56.0	52.0	
1614911144.71	3.775	0.056	0.0	0.0	0.0	0.05	0.0	0.0	0.0	53.0	54.0	56.0	52.0	
1614911144.91	3.775	0.095	0.0	0.0	0.0	0.05	0.0	0.0	0.0	53.0	54.0	56.0	52.0	
1614911145.11	3.76	0.053	0.0	0.0	0.0	0.0	0.048	0.0	0.0	53.0	54.0	55.0	52.0	
1614911145.31	3.76	0.1	0.0	0.0	0.0	0.211	0.15	0.05	0.0	57.0	57.0	57.0	52.0	
1614911145.51	3.76	0.05	0.0	0.0	0.0	0.4	0.143	0.0	0.05	54.0	55.0	57.0	52.0	
1614911145.71	3.76	0.05	0.0	0.0	0.0	0.05	0.0	0.048	0.0	53.0	54.0	56.0	52.0	
1614911145.91	3.76	0.0	0.0	0.0	0.0	0.05	0.0	0.0	0.0	53.0	54.0	56.0	52.0	
1614911146.11	3.912	0.095	0.0	0.0	0.0	0.0	0.0	0.0	0.0	53.0	54.0	56.0	52.0	
1614911146.31	3.912	0.0	0.0	0.0	0.0	0.05	0.0	0.0	0.0	53.0	54.0	55.0	52.0	
1614911146.52	3.912	0.05	0.0	0.0	0.0	0.0	0.0	0.0	0.0	53.0	54.0	55.0	52.0	
1614911146.72	3.912	0.1	0.0	0.0	0.0	0.05	0.0	0.0	0.0	53.0	53.0	55.0	51.0	
1614911146.92	3.912	0.053	0.0	0.0	0.0	0.0	0.0	0.0	0.0	53.0	53.0	55.0	52.0	
1614911147.12	3.889	0.095	0.0	0.0	0.0	0.05	0.1	0.0	0.0	53.0	55.0	55.0	52.0	
1614911147.32	3.889	0.053	0.0	0.0	0.0	0.095	0.0	0.0	0.0	53.0	53.0	55.0	51.0	
1614911147.52	3.889	0.0	0.0	0.0	0.0	0.048	0.0	0.0	0.0	52.0	53.0	55.0	51.0	
1614911147.72	3.889	0.05	0.0	0.0	0.0	0.0	0.0	0.0	0.0	52.0	53.0	55.0	51.0	
1614911147.92	3.889	0.05	0.0	0.0	0.0	0.0	0.0	0.0	0.0	52.0	53.0	55.0	51.0	
1614911148.12	3.882	0.05	0.0	0.0	0.0	0.048	0.0	0.0	0.0	52.0	53.0	55.0	51.0	
1614911148.32	3.882	0.05	0.0	0.0	0.0	0.0	0.0	0.0	0.0	52.0	53.0	55.0	51.0	
1614911148.52	3.882	0.05	0.0	0.0	0.0	0.0	0.0	0.0	0.0	52.0	53.0	55.0	51.0	
1614911148.72	3.882	0.053	0.0	0.0	0.0	0.048	0.0	0.0	0.0	52.0	53.0	55.0	51.0	
1614911148.92	3.882	0.05	0.0	0.0	0.0	0.05	0.048	0.0	0.0	52.0	53.0	55.0	51.0	
1614911149.12	3.836	0.0	0.0	0.0	0.0	0.095	0.0	0.0	0.0	52.0	53.0	55.0	51.0	
1614911149.32	3.836	0.095	0.0	0.0	0.0	0.0	0.0	0.0	0.0	52.0	53.0	54.0	51.0	
1614911149.52	3.836	0.0	0.0	0.0	0.0	0.0	0.0	0.0	0.0	52.0	53.0	55.0	51.0	
1614911149.72	3.836	0.05	0.0	0.0	0.0	0.0	0.0	0.0	0.0	52.0	53.0	55.0	51.0	
1614911149.92	3.836	0.095	0.0	0.0	0.0	0.9	0.05	0.048	0.0	65.0	56.0	56.0	52.0	
1614911150.12	5.027	0.0	0.0	0.0	0.0	1.0	0.095	0.0	0.0	68.0	58.0	58.0	53.0	
1614911150.32	5.027	0.095	0.0	0.0	0.0	1.0	0.0	0.0	0.0	69.0	59.0	58.0	54.0	
1614911150.52	5.027	0.0	0.0	0.0	0.0	1.0	0.0	0.0	0.0	69.0	59.0	59.0	55.0	
1614911150.72	5.027	0.095	0.0	0.0	0.0	1.0	0.05	0.0	0.0	70.0	60.0	59.0	55.0	
1614911150.92	5.027	0.0	0.0	0.0	0.0	1.0	0.05	0.0	0.0	70.0	60.0	60.0	55.0	
1614911151.12	6.672	0.095	0.0	0.0	0.0	1.0	0.0	0.0	0.0	70.0	61.0	60.0	56.0	
1614911151.32	6.672	0.05	0.0	0.0	0.0	1.0	0.0	0.0	0.0	71.0	61.0	60.0	56.0	
1614911151.52	6.672	0.05	0.0	0.0	0.0	1.0	0.0	0.0	0.0	71.0	61.0	61.0	56.0	
1614911151.72	6.672	0.05	0.0	0.0	0.0	1.0	0.095	0.0	0.0	71.0	61.0	61.0	56.0	
1614911151.92	6.672	0.05	0.0	0.0	0.0	1.0	0.048	0.0	0.0	71.0	61.0	61.0	57.0	
1614911152.12	6.767	0.0	0.0	0.0	0.0	1.0	0.0	0.0	0.0	71.0	62.0	61.0	57.0	
1614911152.32	6.767	0.095	0.0	0.0	0.0	1.0	0.05	0.0	0.0	72.0	62.0	61.0	57.0	
1614911152.52	6.767	0.0	0.0	0.0	0.0	1.0	0.048	0.0	0.0	72.0	62.0	61.0	57.0	
1614911152.72	6.767	0.095	0.0	0.0	0.0	1.0	0.0	0.0	0.0	72.0	62.0	62.0	57.0	
1614911152.92	6.767	0.053	0.0	0.0	0.0	1.0	0.05	0.048	0.0	72.0	62.0	62.0	57.0	
1614911153.12	6.798	0.05	0.0	0.0	0.0	1.0	0.095	0.0	0.0	72.0	62.0	62.0	57.0	
1614911153.32	6.798	0.0	0.0	0.0	0.0	1.0	0.0	0.048	0.0	72.0	62.0	62.0	57.0	
1614911153.52	6.798	0.05	0.0	0.0	0.0	1.0	0.0	0.048	0.0	72.0	63.0	62.0	57.0	
1614911153.72	6.798	0.095	0.0	0.0	0.0	1.0	0.05	0.0	0.0	72.0	63.0	62.0	58.0	
1614911153.92	6.798	0.0	0.0	0.0	0.0	1.0	0.05	0.0	0.0	72.0	63.0	62.0	58.0	
1614911154.12	6.798	0.1	0.0	0.0	0.0	1.0	0.0	0.0	0.0	73.0	63.0	62.0	58.0	
1614911154.33	6.798	0.0	0.0	0.0	0.0	1.0	0.0	0.0	0.0	73.0	63.0	62.0	58.0	
1614911154.53	6.79	0.05	0.0	0.0	0.0	1.0	0.05	0.0	0.0	73.0	63.0	62.0	58.0	
1614911154.73	6.79	0.05	0.0	0.0	0.0	1.0	0.05	0.0	0.0	73.0	63.0	62.0	58.0	
1614911154.93	6.79	0.053	0.0	0.0	0.0	1.0	0.095	0.05	0.0	73.0	63.0	63.0	58.0	
1614911155.13	6.649	0.05	0.0	0.0	0.0	1.0	0.05	0.0	0.048	73.0	63.0	63.0	58.0	
1614911155.33	6.649	0.05	0.0	0.0	0.0	1.0	0.095	0.0	0.0	73.0	63.0	63.0	58.0	
1614911155.53	6.649	0.0	0.0	0.0	0.0	1.0	0.048	0.0	0.0	73.0	63.0	63.0	58.0	
1614911155.73	6.649	0.095	0.0	0.0	0.0	1.0	0.05	0.0	0.0	73.0	63.0	63.0	58.0	
1614911155.93	6.649	0.0	0.0	0.0	0.0	1.0	0.0	0.0	0.0	73.0	63.0	63.0	58.0	
1614911156.13	6.649	0.095	0.0	0.0	0.0	1.0	0.048	0.0	0.0	73.0	63.0	63.0	58.0	
1614911156.33	6.786	0.0	0.0	0.0	0.0	1.0	0.05	0.0	0.0	73.0	63.0	63.0	58.0	
1614911156.53	6.786	0.05	0.0	0.0	0.0	1.0	0.048	0.0	0.0	73.0	63.0	63.0	58.0	
1614911156.73	6.786	0.1	0.0	0.0	0.0	1.0	0.05	0.0	0.0	73.0	64.0	63.0	58.0	
1614911156.93	6.786	0.05	0.0	0.0	0.0	1.0	0.05	0.0	0.0	73.0	63.0	63.0	58.0	
1614911157.13	6.576	0.05	0.0	0.0	0.0	1.0	0.095	0.048	0.0	73.0	63.0	63.0	58.0	
1614911157.33	6.576	0.0	0.0	0.0	0.0	1.0	0.05	0.0	0.0	73.0	63.0	63.0	58.0	
1614911157.53	6.576	0.136	0.0	0.0	0.0	1.0	0.091	0.0	0.0	73.0	64.0	63.0	58.0	
1614911157.73	6.576	0.05	0.0	0.0	0.0	1.0	0.05	0.0	0.0	73.0	64.0	63.0	58.0	
1614911157.93	6.576	0.053	0.0	0.0	0.0	1.0	0.05	0.0	0.0	73.0	64.0	63.0	58.0	
1614911158.13	6.828	0.05	0.0	0.0	0.0	1.0	0.0	0.0	0.0	73.0	64.0	63.0	58.0	
1614911158.33	6.828	0.05	0.0	0.0	0.0	1.0	0.091	0.0	0.0	73.0	64.0	63.0	58.0	
1614911158.53	6.828	0.05	0.0	0.0	0.0	1.0	0.0	0.0	0.0	74.0	64.0	63.0	58.0	
1614911158.73	6.828	0.053	0.0	0.0	0.0	1.0	0.095	0.0	0.0	74.0	64.0	63.0	59.0	
1614911158.93	6.828	0.095	0.0	0.0	0.0	1.0	0.05	0.0	0.0	74.0	64.0	63.0	59.0	
1614911159.13	6.847	0.095	0.0	0.0	0.0	1.0	0.0	0.048	0.0	74.0	64.0	63.0	59.0	
1614911159.33	6.847	0.0	0.0	0.0	0.0	1.0	0.0	0.0	0.0	74.0	64.0	63.0	59.0	
1614911159.53	6.847	0.0	0.0	0.0	0.0	1.0	0.05	0.0	0.0	74.0	64.0	63.0	59.0	
1614911159.73	6.847	0.095	0.0	0.0	0.0	1.0	0.05	0.0	0.0	74.0	64.0	64.0	59.0	
1614911159.93	6.847	0.0	0.0	0.0	0.0	1.0	0.05	0.0	0.0	74.0	64.0	63.0	59.0	
1614911160.13	6.817	0.1	0.0	0.0	0.0	1.0	0.143	0.1	0.095	73.0	65.0	65.0	59.0	
1614911160.33	6.817	0.0	0.0	0.0	0.0	1.0	0.0	0.0	0.0	74.0	64.0	64.0	59.0	
1614911160.53	6.817	0.048	0.0	0.0	0.0	1.0	0.05	0.0	0.0	74.0	64.0	64.0	59.0	
1614911160.73	6.817	0.053	0.0	0.0	0.0	1.0	0.048	0.0	0.0	74.0	64.0	64.0	59.0	
1614911160.93	6.817	0.05	0.0	0.0	0.0	1.0	0.095	0.0	0.0	74.0	64.0	64.0	59.0	
1614911161.13	6.817	0.05	0.0	0.0	0.0	1.0	0.05	0.0	0.0	74.0	64.0	63.0	59.0	
1614911161.33	6.874	0.05	0.0	0.0	0.0	1.0	0.05	0.0	0.0	74.0	64.0	64.0	59.0	
1614911161.53	6.874	0.05	0.0	0.0	0.0	1.0	0.0	0.0	0.0	74.0	64.0	64.0	59.0	
1614911161.73	6.874	0.05	0.0	0.0	0.0	1.0	0.05	0.0	0.0	74.0	64.0	64.0	59.0	
1614911161.93	6.874	0.05	0.0	0.0	0.0	1.0	0.0	0.0	0.0	74.0	64.0	64.0	59.0	
1614911162.14	6.847	0.05	0.0	0.0	0.0	1.0	0.05	0.0	0.0	74.0	64.0	64.0	59.0	
1614911162.34	6.847	0.05	0.0	0.0	0.0	1.0	0.0	0.0	0.0	74.0	64.0	64.0	59.0	
1614911162.54	6.847	0.0	0.0	0.0	0.0	1.0	0.0	0.0	0.0	74.0	64.0	64.0	59.0	
1614911162.74	6.847	0.095	0.0	0.0	0.0	1.0	0.095	0.0	0.0	74.0	64.0	64.0	59.0	
1614911162.94	6.847	0.0	0.0	0.0	0.0	1.0	0.0	0.0	0.0	74.0	64.0	64.0	59.0	
1614911163.14	6.836	0.1	0.0	0.0	0.0	1.0	0.095	0.0	0.0	74.0	64.0	64.0	59.0	
1614911163.34	6.836	0.0	0.0	0.0	0.0	1.0	0.0	0.0	0.0	74.0	64.0	64.0	59.0	
1614911163.54	6.836	0.095	0.0	0.0	0.0	1.0	0.095	0.0	0.0	74.0	64.0	64.0	59.0	
1614911163.74	6.836	0.0	0.0	0.0	0.0	1.0	0.05	0.0	0.0	74.0	65.0	64.0	59.0	
1614911163.94	6.836	0.05	0.0	0.0	0.0	1.0	0.048	0.0	0.0	74.0	64.0	64.0	59.0	
1614911164.14	6.855	0.05	0.0	0.0	0.0	1.0	0.136	0.0	0.0	74.0	64.0	64.0	59.0	
1614911164.34	6.855	0.05	0.0	0.0	0.0	1.0	0.05	0.0	0.0	74.0	64.0	64.0	59.0	
1614911164.54	6.855	0.05	0.0	0.0	0.0	1.0	0.091	0.0	0.0	74.0	64.0	64.0	59.0	
1614911164.74	6.855	0.05	0.0	0.0	0.0	1.0	0.05	0.0	0.0	74.0	65.0	64.0	59.0	
1614911164.94	6.855	0.05	0.0	0.0	0.0	1.0	0.095	0.0	0.0	74.0	64.0	64.0	59.0	
1614911165.14	6.855	0.05	0.0	0.0	0.0	1.0	0.05	0.0	0.0	74.0	64.0	64.0	59.0	
1614911165.34	6.855	0.0	0.0	0.0	0.0	1.0	0.05	0.0	0.0	74.0	64.0	64.0	59.0	
1614911165.54	6.855	0.095	0.0	0.0	0.0	1.0	0.091	0.0	0.0	74.0	65.0	64.0	59.0	
1614911165.74	6.855	0.0	0.0	0.0	0.0	1.0	0.095	0.0	0.0	74.0	65.0	64.0	59.0	
1614911165.94	6.855	0.091	0.0	0.0	0.0	1.0	0.0	0.0	0.0	74.0	64.0	64.0	59.0	
1614911166.14	6.847	0.0	0.0	0.0	0.0	1.0	0.05	0.0	0.0	74.0	65.0	64.0	59.0	
1614911166.34	6.847	0.095	0.0	0.0	0.0	1.0	0.048	0.0	0.0	74.0	64.0	64.0	59.0	
1614911166.54	6.847	0.0	0.0	0.0	0.0	1.0	0.05	0.0	0.0	74.0	65.0	64.0	59.0	
1614911166.74	6.847	0.095	0.0	0.0	0.0	1.0	0.05	0.0	0.0	74.0	65.0	64.0	59.0	
1614911166.94	6.847	0.0	0.0	0.0	0.0	1.0	0.0	0.0	0.0	74.0	65.0	64.0	59.0	
1614911167.14	6.805	0.05	0.0	0.0	0.0	1.0	0.136	0.0	0.0	74.0	65.0	64.0	59.0	
1614911167.34	6.805	0.05	0.0	0.0	0.0	1.0	0.05	0.0	0.0	74.0	65.0	64.0	59.0	
1614911167.54	6.805	0.05	0.0	0.0	0.0	1.0	0.091	0.0	0.0	74.0	65.0	64.0	59.0	
1614911167.74	6.805	0.05	0.0	0.0	0.0	1.0	0.136	0.0	0.0	74.0	65.0	64.0	59.0	
1614911167.94	6.805	0.05	0.0	0.0	0.0	1.0	0.0	0.0	0.0	74.0	65.0	64.0	59.0	
1614911168.14	6.844	0.053	0.0	0.0	0.0	1.0	0.0	0.0	0.0	74.0	65.0	64.0	59.0	
1614911168.34	6.844	0.048	0.0	0.0	0.0	1.0	0.048	0.0	0.0	74.0	65.0	64.0	59.0	
1614911168.54	6.844	0.0	0.0	0.0	0.0	1.0	0.05	0.0	0.0	74.0	65.0	64.0	59.0	
1614911168.74	6.844	0.095	0.0	0.0	0.0	1.0	0.095	0.0	0.0	74.0	65.0	64.0	59.0	
1614911168.94	6.844	0.0	0.0	0.0	0.0	1.0	0.095	0.0	0.0	74.0	65.0	64.0	59.0	
1614911169.14	6.863	0.095	0.0	0.0	0.0	1.0	0.095	0.05	0.0	74.0	65.0	64.0	59.0	
1614911169.34	6.863	0.0	0.0	0.0	0.0	1.0	0.0	0.0	0.0	74.0	65.0	64.0	59.0	
1614911169.54	6.863	0.095	0.0	0.0	0.0	1.0	0.0	0.0	0.0	74.0	65.0	64.0	59.0	
1614911169.74	6.863	0.05	0.0	0.0	0.0	0.1	0.0	0.0	0.0	60.0	62.0	62.0	58.0	
1614911169.94	6.863	0.0	0.0	0.0	0.0	0.091	0.0	0.0	0.0	58.0	60.0	61.0	57.0	
1614911170.15	4.034	0.1	0.0	0.0	0.0	0.0	0.0	0.0	0.0	58.0	59.0	60.0	56.0	
1614911170.35	4.034	0.0	0.0	0.0	0.0	0.136	0.0	0.0	0.0	57.0	58.0	60.0	55.0	
1614911170.55	4.034	0.05	0.0	0.0	0.0	0.048	0.0	0.0	0.0	56.0	57.0	59.0	55.0	
1614911170.75	4.034	0.053	0.0	0.0	0.0	0.095	0.0	0.048	0.0	56.0	57.0	59.0	54.0	
1614911170.95	4.034	0.05	0.0	0.0	0.0	0.095	0.0	0.048	0.0	55.0	57.0	58.0	54.0	
1614911171.15	3.924	0.095	0.0	0.0	0.0	0.095	0.0	0.0	0.0	55.0	56.0	58.0	54.0	
1614911171.35	3.924	0.0	0.0	0.0	0.0	0.048	0.0	0.0	0.0	55.0	56.0	58.0	54.0	
1614911171.55	3.924	0.05	0.0	0.0	0.0	0.05	0.0	0.0	0.0	55.0	56.0	58.0	54.0	
1614911171.75	3.924	0.05	0.0	0.0	0.0	0.05	0.0	0.0	0.0	55.0	56.0	57.0	53.0	
1614911171.95	3.924	0.05	0.0	0.0	0.0	0.136	0.0	0.0	0.0	55.0	56.0	57.0	53.0	
1614911172.15	3.924	0.1	0.0	0.0	0.0	0.05	0.0	0.0	0.0	55.0	55.0	57.0	53.0	
1614911172.35	3.924	0.0	0.0	0.0	0.0	0.048	0.0	0.0	0.0	54.0	55.0	57.0	53.0	
1614911172.55	3.924	0.095	0.0	0.0	0.0	0.05	0.0	0.0	0.0	54.0	55.0	57.0	53.0	
1614911172.75	3.924	0.0	0.0	0.0	0.0	0.095	0.0	0.0	0.0	54.0	55.0	57.0	53.0	
1614911172.95	3.924	0.05	0.0	0.0	0.0	0.048	0.0	0.0	0.0	54.0	55.0	57.0	53.0	
1614911173.15	3.882	0.1	0.0	0.0	0.0	0.095	0.0	0.0	0.0	54.0	55.0	57.0	53.0	
1614911173.35	3.882	0.05	0.0	0.0	0.0	0.05	0.0	0.0	0.0	54.0	55.0	56.0	53.0	
1614911173.55	3.882	0.05	0.0	0.0	0.0	0.048	0.0	0.0	0.0	54.0	55.0	56.0	52.0	
1614911173.75	3.882	0.053	0.0	0.0	0.0	0.05	0.0	0.0	0.0	54.0	55.0	56.0	52.0	
1614911173.95	3.882	0.0	0.0	0.0	0.0	0.05	0.0	0.0	0.0	53.0	54.0	56.0	52.0	
1614911174.15	3.847	0.136	0.0	0.0	0.0	0.136	0.0	0.0	0.0	53.0	54.0	56.0	52.0	
1614911174.35	3.847	0.053	0.0	0.0	0.0	0.0	0.0	0.0	0.0	53.0	54.0	56.0	52.0	
1614911174.55	3.847	0.05	0.0	0.0	0.0	0.05	0.0	0.0	0.0	53.0	54.0	56.0	52.0	
1614911174.75	3.847	0.053	0.0	0.0	0.0	0.05	0.0	0.0	0.0	53.0	54.0	56.0	52.0	
1614911174.95	3.847	0.048	0.0	0.0	0.0	0.091	0.0	0.0	0.0	53.0	54.0	56.0	52.0	
1614911175.15	3.878	0.053	0.0	0.0	0.0	0.05	0.0	0.0	0.0	53.0	54.0	56.0	52.0	
1614911175.35	3.878	0.05	0.0	0.0	0.0	0.05	0.0	0.0	0.0	53.0	54.0	56.0	52.0	
1614911175.55	3.878	0.05	0.0	0.0	0.0	0.0	0.0	0.0	0.0	53.0	54.0	56.0	52.0	
1614911175.75	3.878	0.05	0.0	0.0	0.0	0.095	0.0	0.0	0.0	53.0	54.0	56.0	52.0	
1614911175.95	3.878	0.0	0.0	0.0	0.0	0.05	0.0	0.0	0.0	53.0	54.0	56.0	52.0	
1614911176.15	3.844	0.095	0.0	0.0	0.0	0.048	0.0	0.0	0.0	53.0	54.0	56.0	52.0	
1614911176.35	3.844	0.05	0.0	0.0	0.0	0.0	0.0	0.0	0.0	53.0	54.0	55.0	52.0	
1614911176.55	3.844	0.1	0.0	0.0	0.0	0.091	0.0	0.0	0.0	53.0	54.0	55.0	52.0	
1614911176.75	3.844	0.0	0.0	0.0	0.0	0.05	0.0	0.0	0.0	53.0	54.0	55.0	51.0	
1614911176.95	3.844	0.05	0.0	0.0	0.0	0.05	0.0	0.0	0.0	53.0	54.0	55.0	52.0	
1614911177.15	3.844	0.05	0.0	0.0	0.0	0.136	0.0	0.0	0.0	53.0	53.0	55.0	52.0	
1614911177.35	3.844	0.05	0.0	0.0	0.0	0.0	0.0	0.0	0.0	53.0	53.0	55.0	52.0	
1614911177.55	3.844	0.053	0.0	0.0	0.0	0.0	0.0	0.0	0.0	53.0	53.0	55.0	52.0	
1614911177.75	3.844	0.182	0.0	0.0	0.0	0.05	0.0	0.0	0.0	53.0	53.0	55.0	51.0	
1614911177.96	3.844	0.0	0.0	0.0	0.0	0.0	0.0	0.0	0.0	53.0	53.0	55.0	51.0	
1614911178.16	3.844	0.105	0.0	0.0	0.0	0.048	0.0	0.0	0.0	53.0	53.0	55.0	51.0	
1614911178.36	3.844	0.05	0.0	0.0	0.0	0.05	0.0	0.0	0.0	52.0	53.0	55.0	51.0	
1614911178.56	3.844	0.15	0.0	0.0	0.0	0.136	0.0	0.0	0.0	53.0	53.0	55.0	51.0	
1614911178.76	3.844	0.095	0.0	0.0	0.0	0.0	0.0	0.0	0.0	53.0	53.0	55.0	51.0	
1614911178.96	3.844	0.0	0.0	0.0	0.0	0.095	0.0	0.0	0.0	53.0	53.0	55.0	51.0	
1614911179.16	3.702	0.143	0.0	0.0	0.0	0.095	0.0	0.0	0.0	53.0	53.0	55.0	51.0	
1614911179.36	3.702	0.05	0.0	0.0	0.0	0.0	0.0	0.0	0.0	53.0	53.0	55.0	51.0	
1614911179.56	3.702	0.05	0.0	0.0	0.0	0.0	0.0	0.0	0.0	52.0	53.0	55.0	51.0	
1614911179.76	3.702	0.1	0.0	0.0	0.0	1.0	0.095	0.0	0.0	67.0	57.0	57.0	53.0	
1614911179.96	3.702	0.0	0.0	0.0	0.0	1.0	0.048	0.0	0.0	69.0	58.0	58.0	54.0	
1614911180.16	5.298	0.095	0.0	0.0	0.0	1.0	0.05	0.0	0.0	70.0	60.0	59.0	55.0	
1614911180.36	5.298	0.0	0.0	0.0	0.0	1.0	0.05	0.0	0.048	71.0	60.0	60.0	56.0	
1614911180.56	5.298	0.095	0.0	0.0	0.0	1.0	0.048	0.0	0.0	72.0	61.0	60.0	56.0	
1614911180.76	5.298	0.0	0.0	0.0	0.0	1.0	0.0	0.0	0.0	72.0	61.0	61.0	56.0	
1614911180.96	5.298	0.0	0.0	0.0	0.0	1.0	0.0	0.0	0.0	73.0	62.0	61.0	57.0	
1614911181.16	7.038	0.1	0.0	0.0	0.0	1.0	0.0	0.0	0.0	73.0	62.0	61.0	57.0	
1614911181.36	7.038	0.05	0.0	0.0	0.0	1.0	0.0	0.0	0.0	73.0	62.0	62.0	57.0	
1614911181.56	7.038	0.053	0.0	0.0	0.0	1.0	0.05	0.0	0.0	73.0	63.0	62.0	57.0	
1614911181.76	7.038	0.05	0.0	0.0	0.0	1.0	0.0	0.0	0.0	73.0	63.0	62.0	58.0	
1614911181.96	7.038	0.095	0.0	0.0	0.0	1.0	0.091	0.0	0.0	74.0	63.0	62.0	58.0	
1614911182.16	7.046	0.0	0.0	0.0	0.0	1.0	0.0	0.0	0.0	74.0	63.0	63.0	58.0	
1614911182.36	7.046	0.053	0.0	0.0	0.0	1.0	0.05	0.048	0.0	74.0	63.0	63.0	58.0	
1614911182.56	7.046	0.095	0.0	0.0	0.0	1.0	0.0	0.0	0.0	74.0	64.0	63.0	58.0	
1614911182.76	7.046	0.05	0.0	0.0	0.0	1.0	0.0	0.0	0.0	74.0	64.0	63.0	58.0	
1614911182.96	7.046	0.05	0.0	0.0	0.0	1.0	0.0	0.0	0.0	74.0	64.0	63.0	58.0	
1614911183.16	7.05	0.095	0.0	0.0	0.0	1.0	0.0	0.0	0.048	74.0	64.0	63.0	59.0	
1614911183.36	7.05	0.0	0.0	0.0	0.0	1.0	0.05	0.0	0.0	75.0	64.0	63.0	59.0	
1614911183.56	7.05	0.05	0.0	0.0	0.0	1.0	0.0	0.05	0.0	75.0	64.0	63.0	59.0	
1614911183.76	7.05	0.05	0.0	0.0	0.0	1.0	0.05	0.0	0.0	75.0	64.0	63.0	59.0	
1614911183.96	7.05	0.095	0.0	0.0	0.0	1.0	0.0	0.0	0.0	75.0	64.0	64.0	59.0	
1614911184.16	7.073	0.0	0.0	0.0	0.0	1.0	0.0	0.0	0.0	75.0	64.0	64.0	59.0	
1614911184.36	7.073	0.0	0.0	0.0	0.0	1.0	0.0	0.0	0.0	75.0	64.0	64.0	59.0	
1614911184.56	7.073	0.095	0.0	0.0	0.0	1.0	0.0	0.0	0.0	75.0	64.0	64.0	59.0	
1614911184.76	7.073	0.0	0.0	0.0	0.0	1.0	0.0	0.0	0.0	75.0	65.0	64.0	59.0	
1614911184.96	7.073	0.095	0.0	0.0	0.0	1.0	0.0	0.0	0.0	75.0	64.0	64.0	59.0	
1614911185.16	7.073	0.0	0.0	0.0	0.0	1.0	0.0	0.0	0.0	75.0	65.0	64.0	59.0	
1614911185.36	7.073	0.05	0.0	0.0	0.0	1.0	0.0	0.0	0.0	75.0	65.0	64.0	59.0	
1614911185.56	7.073	0.095	0.0	0.0	0.0	1.0	0.0	0.0	0.0	75.0	65.0	64.0	59.0	
1614911185.77	7.073	0.0	0.0	0.0	0.0	1.0	0.0	0.0	0.0	75.0	65.0	64.0	59.0	
1614911185.97	7.073	0.091	0.0	0.0	0.0	1.0	0.048	0.0	0.0	75.0	65.0	64.0	59.0	
1614911186.17	7.004	0.05	0.0	0.0	0.0	1.0	0.0	0.0	0.0	75.0	65.0	64.0	59.0	
1614911186.37	7.004	0.0	0.0	0.0	0.0	1.0	0.05	0.0	0.0	75.0	65.0	64.0	59.0	
1614911186.57	7.004	0.095	0.0	0.0	0.0	1.0	0.0	0.0	0.0	75.0	65.0	64.0	60.0	
1614911186.77	7.004	0.0	0.0	0.0	0.0	1.0	0.0	0.0	0.0	76.0	65.0	64.0	60.0	
1614911186.97	7.103	0.095	0.0	0.0	0.0	1.0	0.0	0.0	0.0	76.0	65.0	64.0	60.0	
1614911187.17	7.103	0.053	0.0	0.0	0.0	1.0	0.0	0.053	0.0	75.0	65.0	66.0	60.0	
1614911187.37	7.103	0.048	0.0	0.0	0.0	1.0	0.0	0.0	0.0	76.0	65.0	64.0	60.0	
1614911187.57	7.103	0.05	0.0	0.0	0.0	1.0	0.0	0.0	0.0	76.0	65.0	64.0	60.0	
1614911187.77	7.103	0.1	0.0	0.0	0.0	1.0	0.0	0.0	0.0	76.0	65.0	64.0	60.0	
1614911187.97	7.103	0.0	0.0	0.0	0.0	1.0	0.0	0.0	0.0	76.0	65.0	64.0	60.0	
1614911188.17	7.103	0.0	0.0	0.0	0.0	1.0	0.05	0.0	0.0	76.0	65.0	64.0	60.0	
1614911188.37	7.088	0.1	0.0	0.0	0.0	1.0	0.0	0.0	0.0	76.0	65.0	65.0	60.0	
1614911188.57	7.088	0.05	0.0	0.0	0.0	1.0	0.0	0.0	0.0	76.0	65.0	65.0	60.0	
1614911188.77	7.088	0.05	0.0	0.0	0.0	1.0	0.05	0.0	0.0	76.0	66.0	65.0	60.0	
1614911188.97	7.088	0.05	0.0	0.0	0.0	1.0	0.0	0.0	0.0	76.0	65.0	65.0	60.0	
1614911189.17	6.962	0.0	0.0	0.0	0.0	1.0	0.0	0.0	0.0	76.0	65.0	65.0	60.0	
1614911189.37	6.962	0.095	0.0	0.0	0.0	1.0	0.05	0.048	0.0	76.0	65.0	65.0	60.0	
1614911189.57	6.962	0.0	0.0	0.0	0.0	1.0	0.048	0.0	0.0	76.0	65.0	65.0	60.0	
1614911189.77	6.962	0.095	0.0	0.0	0.0	1.0	0.0	0.0	0.0	76.0	65.0	65.0	60.0	
1614911189.97	6.962	0.0	0.0	0.0	0.0	1.0	0.0	0.0	0.0	76.0	65.0	65.0	60.0	
1614911190.17	7.092	0.05	0.0	0.0	0.0	1.0	0.0	0.0	0.0	76.0	66.0	65.0	60.0	
1614911190.37	7.092	0.05	0.0	0.0	0.0	1.0	0.05	0.0	0.0	76.0	66.0	65.0	60.0	
1614911190.57	7.092	0.05	0.0	0.0	0.0	1.0	0.0	0.0	0.0	76.0	66.0	65.0	60.0	
1614911190.77	7.092	0.05	0.0	0.0	0.0	1.0	0.0	0.0	0.0	76.0	66.0	65.0	60.0	
1614911190.97	7.092	0.05	0.0	0.0	0.0	1.0	0.0	0.0	0.0	76.0	66.0	65.0	60.0	
1614911191.17	7.118	0.0	0.0	0.0	0.0	1.0	0.0	0.0	0.0	76.0	66.0	65.0	60.0	
1614911191.37	7.118	0.095	0.0	0.0	0.0	1.0	0.0	0.0	0.0	76.0	66.0	65.0	60.0	
1614911191.57	7.118	0.0	0.0	0.0	0.0	1.0	0.0	0.048	0.0	76.0	66.0	65.0	60.0	
1614911191.77	7.118	0.1	0.0	0.0	0.0	1.0	0.0	0.0	0.0	76.0	66.0	65.0	60.0	
1614911191.97	7.118	0.0	0.0	0.0	0.0	1.0	0.0	0.0	0.0	76.0	66.0	65.0	60.0	
1614911192.17	7.111	0.095	0.0	0.0	0.0	1.0	0.0	0.0	0.0	76.0	66.0	65.0	60.0	
1614911192.37	7.111	0.05	0.0	0.0	0.0	1.0	0.0	0.0	0.0	76.0	66.0	65.0	60.0	
1614911192.57	7.111	0.0	0.0	0.0	0.0	1.0	0.095	0.0	0.0	76.0	66.0	65.0	60.0	
1614911192.77	7.111	0.095	0.0	0.0	0.0	1.0	0.0	0.0	0.0	76.0	66.0	65.0	60.0	
1614911192.97	7.111	0.0	0.0	0.0	0.0	1.0	0.048	0.0	0.048	76.0	66.0	65.0	60.0	
1614911193.17	7.153	0.095	0.0	0.0	0.0	1.0	0.0	0.0	0.0	76.0	66.0	65.0	60.0	
1614911193.37	7.153	0.0	0.0	0.0	0.0	1.0	0.0	0.0	0.0	76.0	66.0	65.0	60.0	
1614911193.57	7.153	0.05	0.0	0.0	0.0	1.0	0.0	0.0	0.0	76.0	66.0	65.0	60.0	
1614911193.78	7.153	0.05	0.0	0.0	0.0	1.0	0.0	0.0	0.0	76.0	66.0	65.0	60.0	
1614911193.98	7.153	0.0	0.0	0.0	0.0	1.0	0.0	0.0	0.0	76.0	66.0	65.0	60.0	
1614911194.18	7.16	0.095	0.0	0.0	0.0	1.0	0.0	0.0	0.0	76.0	66.0	65.0	60.0	
1614911194.38	7.16	0.05	0.0	0.0	0.0	1.0	0.0	0.0	0.0	77.0	66.0	65.0	60.0	
1614911194.58	7.16	0.0	0.0	0.0	0.0	1.0	0.0	0.0	0.0	76.0	66.0	65.0	60.0	
1614911194.78	7.16	0.1	0.0	0.0	0.0	1.0	0.05	0.05	0.048	76.0	66.0	65.0	60.0	
1614911194.98	7.16	0.0	0.0	0.0	0.0	1.0	0.0	0.0	0.0	77.0	66.0	65.0	60.0	
1614911195.18	7.16	0.1	0.0	0.0	0.0	1.0	0.0	0.0	0.0	76.0	66.0	65.0	60.0	
1614911195.38	7.16	0.1	0.0	0.0	0.0	0.75	0.0	0.0	0.0	66.0	65.0	65.0	60.0	
1614911195.58	7.16	0.0	0.0	0.0	0.0	0.05	0.0	0.0	0.0	60.0	62.0	63.0	58.0	
1614911195.78	7.16	0.143	0.0	0.0	0.0	0.05	0.0	0.0	0.0	59.0	60.0	62.0	57.0	
1614911195.98	4.004	0.0	0.0	0.0	0.0	0.0	0.0	0.0	0.0	58.0	59.0	61.0	56.0	
1614911196.18	4.004	0.095	0.0	0.0	0.0	0.048	0.0	0.0	0.0	57.0	58.0	60.0	56.0	
1614911196.38	4.004	0.0	0.0	0.0	0.0	0.0	0.0	0.0	0.0	57.0	58.0	60.0	55.0	
1614911196.58	4.004	0.05	0.0	0.0	0.0	0.0	0.0	0.0	0.0	56.0	57.0	59.0	55.0	
1614911196.78	4.004	0.095	0.0	0.0	0.0	0.0	0.0	0.0	0.0	56.0	57.0	59.0	55.0	
1614911196.98	4.004	0.0	0.0	0.0	0.0	0.0	0.0	0.0	0.0	56.0	57.0	58.0	54.0	
1614911197.18	3.931	0.05	0.0	0.0	0.0	0.0	0.0	0.0	0.0	56.0	56.0	58.0	54.0	
1614911197.38	3.931	0.1	0.0	0.0	0.0	0.0	0.0	0.0	0.0	55.0	56.0	58.0	54.0	
1614911197.58	3.931	0.105	0.0	0.0	0.0	0.05	0.0	0.0	0.0	55.0	56.0	58.0	54.0	
1614911197.78	3.931	0.1	0.0	0.0	0.0	0.0	0.0	0.0	0.0	55.0	56.0	58.0	54.0	
1614911197.98	3.931	0.05	0.0	0.0	0.0	0.0	0.0	0.0	0.0	55.0	56.0	58.0	54.0	
1614911198.18	3.744	0.0	0.0	0.0	0.0	0.0	0.0	0.0	0.0	55.0	56.0	57.0	53.0	
1614911198.38	3.744	0.095	0.0	0.0	0.0	0.0	0.0	0.0	0.0	54.0	55.0	57.0	53.0	
1614911198.58	3.744	0.0	0.0	0.0	0.0	0.0	0.0	0.0	0.0	54.0	55.0	57.0	53.0	
1614911198.78	3.744	0.095	0.0	0.0	0.0	0.0	0.0	0.0	0.0	54.0	55.0	57.0	53.0	
1614911198.98	3.744	0.053	0.0	0.0	0.0	0.0	0.0	0.0	0.0	54.0	55.0	57.0	53.0	
1614911199.18	3.882	0.05	0.0	0.0	0.0	0.0	0.0	0.0	0.0	54.0	55.0	57.0	53.0	
1614911199.38	3.882	0.15	0.0	0.0	0.0	0.048	0.0	0.0	0.0	54.0	55.0	57.0	53.0	
1614911199.58	3.882	0.0	0.0	0.0	0.0	0.0	0.0	0.0	0.0	54.0	55.0	57.0	53.0	
1614911199.78	3.882	0.1	0.0	0.0	0.0	0.048	0.0	0.0	0.0	54.0	55.0	57.0	53.0	
1614911199.98	3.87	0.0	0.0	0.0	0.0	0.0	0.0	0.0	0.0	54.0	55.0	56.0	53.0	
1614911200.18	3.87	0.095	0.0	0.0	0.0	0.0	0.0	0.0	0.0	54.0	54.0	56.0	53.0	
1614911200.38	3.87	0.0	0.0	0.0	0.0	0.0	0.0	0.0	0.0	53.0	54.0	56.0	52.0	
1614911200.58	3.87	0.053	0.0	0.0	0.0	0.0	0.0	0.0	0.0	54.0	54.0	56.0	53.0	
1614911200.78	3.87	0.174	0.0	0.0	0.0	0.05	0.048	0.0	0.0	54.0	55.0	56.0	52.0	
1614911200.98	3.87	0.053	0.0	0.0	0.0	0.0	0.0	0.0	0.0	53.0	54.0	56.0	52.0	
1614911201.18	3.87	0.105	0.0	0.0	0.0	0.0	0.0	0.0	0.0	54.0	54.0	56.0	52.0	
1614911201.38	3.87	0.095	0.0	0.0	0.0	0.05	0.0	0.0	0.0	53.0	54.0	56.0	52.0	
1614911201.58	3.87	0.1	0.0	0.0	0.0	0.0	0.0	0.0	0.0	53.0	54.0	56.0	52.0	
1614911201.79	3.87	0.053	0.0	0.0	0.0	0.0	0.0	0.0	0.0	53.0	54.0	56.0	52.0	
1614911201.99	3.87	0.1	0.0	0.0	0.0	0.0	0.0	0.0	0.0	53.0	54.0	56.0	52.0	
1614911202.19	3.87	0.105	0.0	0.0	0.0	0.0	0.0	0.0	0.0	53.0	54.0	56.0	52.0	
1614911202.39	3.786	0.095	0.0	0.0	0.0	0.0	0.0	0.0	0.0	53.0	54.0	56.0	52.0	
1614911202.59	3.786	0.053	0.0	0.0	0.0	0.05	0.048	0.0	0.0	53.0	54.0	56.0	52.0	
1614911202.79	3.786	0.1	0.0	0.0	0.0	0.0	0.0	0.0	0.0	53.0	54.0	56.0	52.0	
1614911202.99	3.752	0.05	0.0	0.0	0.0	0.0	0.0	0.0	0.0	53.0	54.0	56.0	52.0	
